PI Control Parameters
P: 0.27647850225294
I: 0.0161244483997903